00000001
00000000
00000000
00000000
00000000
00000000
00000000
00000000
00000000
00000000
00000000
00000000
00000000
00000000
00000000
00000000
00000000
00000000
00000000
00000000
00000000
00000000
00000000
00000000
00000000
00000000
00000000
00000000
00000000
00000000
00000000
00000000
00000000
00000000
00000000
00000000
00000000
00000000
00000000
00000000
00000000
00000000
00000000
00000000
00000000
00000000
00000000
00000000
00000000
00000000
00000000
00000000
00000000
00000000
00000000
00000000
00000000
00000000
00000000
00000000
00000000
00000000
00000000
00000000
00000000
00000000
00000000
00000000
00000000
00000000
00000000
00000000
00000000
00000000
00000000
00000000
00000000
00000000
00000000
00000000
00000000
00000000
00000000
00000000
00000000
00000000
00000000
00000000
00000000
00000000
00000000
00000000
00000000
00000000
00000000
00000000
00000000
00000000
00000000
00000000
00000000
00000000
00000000
00000000
00000000
00000000
00000000
00000000
00000000
00000000
00000000
00000000
00000000
00000000
00000000
00000000
00000000
00000000
00000000
00000000
00000000
00000000
00000000
00000000
00000000
00000000
00000000
00000000
00000000
00000000
00000000
00000000
00000000
00000000
00000000
00000000
00000000
00000000
00000000
00000000
00000000
00000000
00000000
00000000
00000000
00000000
00000000
00000000
00000000
00000000
00000000
00000000
00000000
00000000
00000000
00000000
00000000
00000000
00000000
00000000
00000000
00000000
00000000
00000000
00000000
00000000
00000000
00000000
00000000
00000000
00000000
00000000
00000000
00000000
00000000
00000000
00000000
00000000
00000000
00000000
00000000
00000000
00000000
00000000
00000000
00000000
00000000
00000000
00000000
00000000
00000000
00000000
00000000
00000000
00000000
00000000
00000000
00000000
00000000
00000000
00000000
00000000
00000000
00000000
00000000
00000000
00000000
00000000
00000000
00000000
00000000
00000000
01111000
00000000
00001000
11000000
00000011
00000101
00000000
01100000
00001000
00000100
00000001
10000000
01000000
00011000
00011000
00000000
10000001
10000000
00010000
00011000
00000001
00000000
10000000
00100000
00000000
00000010
00000000
00000000
10000000
00000000
01110000
00000000
00000000
00000000
00000000
00000000
00000000
00000000
00000000
00000000
00000000
00000000
00000000
00000000
00000000
00000000
00000000
00000000
00000000
00000000
10000100
00000000
00110111
00110000
00000100
10001010
10000000
10010000
00110000
00001010
00000010
00000001
10000000
00100000
00000100
00000001
00000000
01000000
00001000
00000100
00000010
00000001
01000000
01010000
00001100
00001100
00000000
00000011
01100000
00001111
10001000
00000000
01111110
00000000
00000000
00000000
00000000
00000000
00000000
00000000
00000000
00000000
00000000
00000000
00000000
00000000
00000000
00000111
10000000
00000001
10000110
00000000
00010111
00111000
00000100
11011010
10000000
10000000
01110000
00001011
00000010
00000000
10100000
00000000
00000100
00000011
00000000
01000000
00100000
00000000
00000000
10000001
01000000
00010000
00001000
00000101
00000000
00000101
01100000
00000111
10001100
00000000
11111100
00000000
00000000
00000000
00000000
00000000
00000000
00000000
00000000
00000000
00000000
00000000
00000000
00000000
00000000
00001111
10000000
00000001
00000010
00000000
01110101
00100000
00001000
10010010
00000000
00010000
01110100
00010000
00000000
01000001
10100000
00100100
00100000
00000001
01000010
00000000
00001000
00100100
00000010
10000000
01100000
00011000
00010100
00000101
00000000
01001100
01010000
00001000
10001100
00000000
10000001
10000000
00000000
00000000
00000000
00000000
